11 2 5 9 8 3 7 10 4 1 0 6
10 9 1 5 8 2 11 6 4 3 7 0
6
11 2 5 9 8 3 7 10 4 1 0 6
10 9 1 5 8 2 11 6 4 3 7 0
7
11 2 5 9 8 3 7 10 4 1 0 6
10 9 1 5 8 2 11 6 4 3 7 0
8
1 5 10 8 0 9 7 4 2 3 11 6
4 0 8 9 7 1 11 6 3 5 2 10
5
1 5 10 8 0 9 7 4 2 3 11 6
4 0 8 9 7 1 11 6 3 5 2 10
6
1 5 10 8 0 9 7 4 2 3 11 6
4 0 8 9 7 1 11 6 3 5 2 10
7
3 6 2 7 4 11 0 10 8 5 9 1
6 11 2 0 4 9 1 3 8 10 7 5
6
3 6 2 7 4 11 0 10 8 5 9 1
6 11 2 0 4 9 1 3 8 10 7 5
7
3 6 2 7 4 11 0 10 8 5 9 1
6 11 2 0 4 9 1 3 8 10 7 5
8
2 1 9 10 0 7 5 8 3 6 11 4
4 1 0 8 11 6 9 5 7 2 3 10
6
2 1 9 10 0 7 5 8 3 6 11 4
4 1 0 8 11 6 9 5 7 2 3 10
7
2 1 9 10 0 7 5 8 3 6 11 4
4 1 0 8 11 6 9 5 7 2 3 10
8
0 4 1 5 7 9 6 3 2 10 8 11
0 2 8 7 1 3 6 4 10 5 9 11
5
0 4 1 5 7 9 6 3 2 10 8 11
0 2 8 7 1 3 6 4 10 5 9 11
6
0 4 1 5 7 9 6 3 2 10 8 11
0 2 8 7 1 3 6 4 10 5 9 11
7
12 5 9 7 2 10 4 0 8 1 11 3 6
7 9 4 11 6 1 12 3 8 2 5 10 0
7
12 5 9 7 2 10 4 0 8 1 11 3 6
7 9 4 11 6 1 12 3 8 2 5 10 0
8
12 5 9 7 2 10 4 0 8 1 11 3 6
7 9 4 11 6 1 12 3 8 2 5 10 0
9
12 8 9 5 6 2 10 0 7 11 3 1 4
7 11 5 10 12 3 4 8 1 2 6 9 0
6
12 8 9 5 6 2 10 0 7 11 3 1 4
7 11 5 10 12 3 4 8 1 2 6 9 0
7
12 8 9 5 6 2 10 0 7 11 3 1 4
7 11 5 10 12 3 4 8 1 2 6 9 0
8
10 5 8 6 3 0 7 12 2 1 4 11 9
5 9 8 4 10 1 3 6 2 12 0 11 7
6
10 5 8 6 3 0 7 12 2 1 4 11 9
5 9 8 4 10 1 3 6 2 12 0 11 7
7
10 5 8 6 3 0 7 12 2 1 4 11 9
5 9 8 4 10 1 3 6 2 12 0 11 7
8
6 9 7 3 1 11 4 0 2 10 5 12 8
7 4 8 3 6 10 0 2 12 1 9 5 11
7
6 9 7 3 1 11 4 0 2 10 5 12 8
7 4 8 3 6 10 0 2 12 1 9 5 11
8
6 9 7 3 1 11 4 0 2 10 5 12 8
7 4 8 3 6 10 0 2 12 1 9 5 11
9
7 6 1 12 9 10 3 8 0 5 11 2 4
8 2 11 6 12 9 1 0 7 4 5 10 3
6
7 6 1 12 9 10 3 8 0 5 11 2 4
8 2 11 6 12 9 1 0 7 4 5 10 3
7
7 6 1 12 9 10 3 8 0 5 11 2 4
8 2 11 6 12 9 1 0 7 4 5 10 3
8
13 7 0 4 5 1 6 12 9 8 3 11 2 10
2 5 12 10 3 4 6 1 9 8 13 11 7 0
7
13 7 0 4 5 1 6 12 9 8 3 11 2 10
2 5 12 10 3 4 6 1 9 8 13 11 7 0
8
13 7 0 4 5 1 6 12 9 8 3 11 2 10
2 5 12 10 3 4 6 1 9 8 13 11 7 0
9
10 8 0 5 4 9 3 7 6 1 13 11 2 12
2 9 12 6 4 3 8 7 1 5 0 11 13 10
8
10 8 0 5 4 9 3 7 6 1 13 11 2 12
2 9 12 6 4 3 8 7 1 5 0 11 13 10
9
10 8 0 5 4 9 3 7 6 1 13 11 2 12
2 9 12 6 4 3 8 7 1 5 0 11 13 10
10
13 0 4 11 8 9 1 5 2 10 6 12 7 3
1 6 8 13 2 7 10 12 4 5 9 3 11 0
7
13 0 4 11 8 9 1 5 2 10 6 12 7 3
1 6 8 13 2 7 10 12 4 5 9 3 11 0
8
13 0 4 11 8 9 1 5 2 10 6 12 7 3
1 6 8 13 2 7 10 12 4 5 9 3 11 0
9
1 2 11 10 5 12 8 4 6 3 9 0 7 13
11 0 1 9 7 4 8 12 6 10 3 2 5 13
6
1 2 11 10 5 12 8 4 6 3 9 0 7 13
11 0 1 9 7 4 8 12 6 10 3 2 5 13
7
1 2 11 10 5 12 8 4 6 3 9 0 7 13
11 0 1 9 7 4 8 12 6 10 3 2 5 13
8
8 10 4 1 5 9 11 6 0 13 7 3 2 12
8 3 12 11 2 4 7 10 0 5 1 6 13 9
8
8 10 4 1 5 9 11 6 0 13 7 3 2 12
8 3 12 11 2 4 7 10 0 5 1 6 13 9
9
8 10 4 1 5 9 11 6 0 13 7 3 2 12
8 3 12 11 2 4 7 10 0 5 1 6 13 9
10
3 4 9 1 8 0 5 11 2 10 14 7 13 12 6
5 3 8 0 1 6 14 11 4 2 9 7 13 12 10
7
3 4 9 1 8 0 5 11 2 10 14 7 13 12 6
5 3 8 0 1 6 14 11 4 2 9 7 13 12 10
8
3 4 9 1 8 0 5 11 2 10 14 7 13 12 6
5 3 8 0 1 6 14 11 4 2 9 7 13 12 10
9
2 1 9 10 0 4 5 3 12 8 7 11 13 14 6
4 1 0 7 5 6 14 10 9 2 3 11 8 12 13
6
2 1 9 10 0 4 5 3 12 8 7 11 13 14 6
4 1 0 7 5 6 14 10 9 2 3 11 8 12 13
7
2 1 9 10 0 4 5 3 12 8 7 11 13 14 6
4 1 0 7 5 6 14 10 9 2 3 11 8 12 13
8
14 6 11 12 1 7 4 8 9 13 0 10 2 5 3
10 4 12 14 6 13 1 5 7 8 11 2 3 9 0
6
14 6 11 12 1 7 4 8 9 13 0 10 2 5 3
10 4 12 14 6 13 1 5 7 8 11 2 3 9 0
7
14 6 11 12 1 7 4 8 9 13 0 10 2 5 3
10 4 12 14 6 13 1 5 7 8 11 2 3 9 0
8
10 11 6 13 3 5 1 7 4 14 8 12 0 9 2
12 6 14 4 8 5 2 7 10 13 0 1 11 3 9
7
10 11 6 13 3 5 1 7 4 14 8 12 0 9 2
12 6 14 4 8 5 2 7 10 13 0 1 11 3 9
8
10 11 6 13 3 5 1 7 4 14 8 12 0 9 2
12 6 14 4 8 5 2 7 10 13 0 1 11 3 9
9
10 7 3 0 13 8 14 5 2 9 4 12 11 6 1
3 14 8 2 10 7 13 1 5 9 0 12 11 4 6
7
10 7 3 0 13 8 14 5 2 9 4 12 11 6 1
3 14 8 2 10 7 13 1 5 9 0 12 11 4 6
8
10 7 3 0 13 8 14 5 2 9 4 12 11 6 1
3 14 8 2 10 7 13 1 5 9 0 12 11 4 6
9
